10
3 5 1 4 2 3 7 1 2 6
			--> 5


10
3 4 5 6 7 8 9 10 11 12
			  --> 0

10
10 9 8 7 6 5 4 3 2 1
			 --> 0


10
3 5 1 4 2 3 7 1 2 4
			--> 4


10
1 2 3 4 5 6 5 3 2 1
			 --> 0

10
10 9 8 7 6 5 6 7 8 10
			 --> 5

10
10 8 9 2 9 5 6 7 8 7
			--> 7

10
10 9 8 7 6 5 4 5 6 7
            --> 3

10
10 9 8 7 6 5 4 4 4 4
            --> 0

10
10 9 8 7 6 5 4 4 4 5
            --> 1

10
10 1 15 2 20 7 4 4 4 5
            --> 9

10
15 14 13 12 11 10 9 8 7 20
            --> 13

10
15 14 13 12 11 10 9 8 7 10
            --> 13

10
15 14 13 12 11 10 9 8 20 1
            --> 12